COVERAGE GAPS — dapim with no shiur in shiur_content
============================================================

Berakhot (27 missing):
  3, 8, 17, 22, 23, 25, 26, 27, 28, 30, 32, 37, 38, 40, 44, 46, 47, 51, 55, 56
  57, 59, 60, 61, 62, 63, 64

Shabbat (39 missing):
  3, 5, 6, 10, 17, 24, 28, 29, 31, 32, 34, 38, 45, 52, 59, 66, 73, 80, 87, 93
  94, 95, 101, 105, 106, 108, 109, 115, 121, 122, 127, 128, 129, 136, 143, 149, 150, 151, 157

Eiruvin (33 missing):
  8, 15, 17, 18, 20, 23, 24, 25, 26, 29, 36, 37, 38, 39, 40, 41, 42, 43, 50, 57
  64, 68, 69, 71, 78, 85, 92, 94, 99, 102, 103, 104, 105

Pesachim (39 missing):
  2, 3, 4, 8, 9, 10, 12, 13, 16, 20, 21, 22, 23, 24, 26, 29, 30, 37, 44, 51
  57, 58, 65, 72, 77, 78, 79, 90, 91, 92, 93, 94, 98, 99, 100, 104, 107, 114, 121

Shekalim (4 missing):
  2, 8, 15, 22

Rosh Hashanah (9 missing):
  2, 4, 9, 16, 23, 27, 28, 30, 34

Yoma (29 missing):
  8, 9, 12, 15, 19, 20, 21, 22, 23, 29, 32, 33, 34, 35, 36, 37, 38, 43, 50, 51
  52, 57, 64, 71, 77, 78, 79, 85, 86

Sukkah (8 missing):
  5, 12, 19, 26, 33, 40, 47, 56

Beitzah (14 missing):
  6, 9, 13, 16, 17, 20, 21, 22, 23, 24, 26, 27, 34, 38

Ta'anit (12 missing):
  3, 6, 10, 17, 24, 25, 26, 27, 28, 29, 30, 31

Megillah (17 missing):
  2, 6, 7, 8, 9, 10, 13, 14, 15, 16, 17, 21, 22, 23, 25, 28, 29

Moed Katan (8 missing):
  5, 10, 11, 12, 13, 18, 19, 26

Chagigah (7 missing):
  5, 8, 12, 17, 18, 19, 27

Yevamot (40 missing):
  2, 5, 6, 7, 11, 12, 13, 17, 20, 21, 27, 34, 35, 43, 45, 46, 47, 48, 49, 50
  53, 54, 55, 56, 60, 62, 68, 69, 70, 71, 77, 84, 85, 87, 91, 93, 98, 105, 113, 119

Ketubot (35 missing):
  5, 12, 19, 20, 21, 26, 33, 34, 38, 42, 45, 47, 49, 52, 53, 57, 61, 65, 66, 67
  68, 69, 75, 82, 83, 84, 85, 89, 92, 95, 96, 103, 110, 111, 112

Nedarim (20 missing):
  6, 13, 20, 23, 27, 34, 35, 41, 43, 48, 55, 56, 62, 63, 69, 73, 77, 80, 84, 87

Nazir (20 missing):
  7, 14, 21, 22, 23, 24, 27, 30, 34, 37, 38, 39, 43, 45, 46, 50, 51, 57, 58, 64

Sotah (1 missing):
  4

Gittin (2 missing):
  76, 83

Kiddushin (1 missing):
  74

Bava Batra (5 missing):
  35, 68, 130, 131, 164

Sanhedrin (3 missing):
  47, 60, 94

Avodah Zarah (1 missing):
  44

Menachot (1 missing):
  66

Hullin (29 missing):
  7, 14, 21, 28, 30, 35, 42, 45, 48, 55, 62, 65, 69, 76, 83, 90, 93, 95, 96, 97
  109, 110, 111, 116, 117, 118, 125, 132, 139

Bekhorot (12 missing):
  5, 12, 19, 26, 33, 37, 39, 41, 46, 54, 57, 61

Arakhin (8 missing):
  8, 15, 16, 17, 22, 23, 24, 29

Temurah (6 missing):
  4, 11, 14, 18, 25, 32

Keritot (11 missing):
  3, 5, 6, 8, 11, 19, 24, 25, 26, 27, 28

Meilah (7 missing):
  2, 5, 7, 10, 13, 15, 22

Kinnim (1 missing):
  22

Tamid (2 missing):
  25, 29

Middot (1 missing):
  35

Niddah (14 missing):
  6, 7, 8, 12, 19, 26, 33, 40, 47, 54, 61, 68, 69, 73

Total: 466 missing dapim
